/*
 * To change this license header, choose License Headers in Project Properties.
 * To change this template file, choose Tools | Templates
 * and open the template in the editor.
 */
package analizadorlexicosintactico;

/**
 *
 * @author Francisco Favela
 */
public class AnalizadorLexico {
     String reservada[] = {"array", "begin", "case", "const", "do", "else", "writeln","readln", "elseif", "end",
                          "for", "if", "loop", "module","function", "exit", "not", "of","mod","record","repeat","return",
                          "pocedure","by","then","to","until","var","while","with","true","false","div","integer","real",
                          "char","string","byte","boolean","string"};
    public int [][] matrizL={
            //	l	L	d	_	.	'	/	"	{	}	=	<	>	+	-	(	)	[	]	,	;	:	/t	/n	/b      !=
		{1	,1	,3	,506	,16	,6	,8	,15	,11	,506	,12	,11	,12	,113	,114	,118	,119	,120	,121	,122	,124	,125	,0	,0	,0	,505}	,
		{1	,1	,1	,2	,100	,100	,100	,100	,100	,100	,100	,100	,100	,100	,100	,100	,100	,100	,100	,100	,100	,100	,100	,100	,100	,100}	,
		{1	,1	,1	,501	,501	,501	,501	,501	,501	,501	,501	,501	,501	,501	,501	,501	,501	,501	,501	,501	,501	,501	,501	,501	,501	,501}	,
		{101	,101	,3	,101	,101	,101	,101	,101	,101	,101	,101	,101	,101	,101	,101	,101	,101	,101	,101	,101	,101	,101	,101	,101	,101	,101}	,
		{500	,500	,5	,500	,500	,500	,500	,500	,500	,500	,500	,500	,500	,500	,500	,500	,500	,500	,500	,500	,500	,500	,500	,500	,500	,500}	,
		{102	,102	,5	,101	,101	,102	,102	,101	,102	,102	,102	,102	,102	,102	,102	,102	,102	,102	,102	,102	,102	,102	,102	,102	,102	,102}	,
		{6	,6	,6	,6	,6	,7	,6	,6	,6	,6	,6	,6	,6	,6	,6	,6	,6	,6	,6	,6	,6	,6	,6	,6	,6	,6}	,
		{103	,103	,103	,103	,103	,6	,103	,103	,103	,103	,103	,103	,103	,103	,103	,103	,103	,103	,103	,103	,103	,103	,103	,103	,103	,103}	,
		{116	,116	,116	,116	,116	,116	,116	,9	,116	,116	,116	,116	,116	,116	,116	,116	,116	,116	,116	,116	,116	,116	,116	,116	,116	,116}	,
		{9	,9	,9	,9	,9	,9	,9	,10	,9	,9	,9	,9	,9	,9	,9	,9	,9	,9	,9	,9	,9	,9	,9	,9	,9	,9}	,
		{502	,502	,502	,502	,502	,502	,104	,501	,502	,502	,502	,502	,502	,502	,502	,502	,502	,502	,502	,502	,502	,502	,502	,502	,502	,502}	,
		{11	,11	,11	,11	,11	,11	,11	,11	,11	,11	,11	,109	,109	,109	,109	,109	,109	,109	,109	,109	,109	,109	,109	,109	,109	,109}	,
		{503	,503	,503	,503	,503	,503	,503	,503	,503	,503	,106	,503	,503	,503	,503	,503	,503	,503	,503	,503	,503	,503	,503	,503	,503	,503}	,
		{107	,107	,107	,107	,107	,107	,107	,107	,107	,107	,109	,107	,107	,107	,107	,107	,107	,107	,107	,107	,107	,107	,107	,107	,107	,107}	,
		{110	,110	,110	,110	,110	,110	,110	,110	,110	,110	,11	,110	,110	,110	,110	,110	,110	,110	,110	,110	,110	,110	,110	,110	,110	,110}	,
		{114	,114	,114	,114	,114	,114	,114	,115	,114	,114	,114	,114	,114	,114	,114	,114	,114	,114	,114	,114	,114	,114	,114	,114	,114	,114}	,
                {122	,122	,122	,122	,122	,123	,122	,122	,122	,122	,122	,122	,122	,122	,122	,122	,122	,122	,122	,122	,122	,122	,122	,122	,122	,122}	,
                {125	,125	,125	,125	,125	,125	,125	,125	,125	,125	,125	,125	,125	,125	,125	,125	,125	,125	,125	,125	,125	,125	,125	,125	,125	,125}

        };//
    public static void main(String[] args) {
        // TODO code application logic here
    }
    
}

